835	17
950	2
307	2
412	8
666	4
265	7
830	4
828	9
50	9
581	11
925	20
227	5
815	19
564	13
888	5
983	14
968	7
153	10
727	14
998	12
840	17
596	1
54	1
287	6
674	6
891	17
531	4
883	19
830	7
175	13
439	14
877	1
363	8
711	13
677	10
929	4
164	19
53	1
742	10
275	5
369	1
37	12
327	16
606	11
450	7
188	16
154	15
913	1
557	16
34	5
432	4
279	5
514	14
275	16
894	6
385	1
945	10
794	14
334	4
494	12
995	20
269	7
79	20
46	20
116	13
368	3
612	12
672	1
440	3
85	9
235	19
265	5
414	1
168	14
702	10
171	17
246	11
565	14
752	10
524	13
704	6
486	3
596	4
839	19
188	19
369	12
603	17
698	7
384	15
203	15
225	19
707	8
526	15
901	2
149	3
606	20
513	5
788	9
769	4
335	8
185	8
985	5
532	1
460	7
841	18
319	11
201	9
61	6
92	7
591	10
368	16
724	7
494	4
36	16
235	16
169	14
106	3
90	8
638	9
324	17
625	20
583	15
976	2
170	6
770	10
526	8
318	7
876	14
551	9
40	3
448	20
116	13
678	17
741	10
133	15
121	3
226	13
326	14
721	2
877	3
519	11
331	16
71	9
524	5
646	19
860	16
512	18
666	6
466	1
569	9
107	14
991	6
883	5
394	8
851	8
512	4
463	19
373	15
400	3
133	15
962	3
684	12
479	5
497	15
876	4
70	11
21	8
300	19
242	4
146	9
844	6
748	15
728	12
148	3
521	13
971	17
651	11
175	19
429	18
856	5
634	20
781	18
883	16
257	1
973	11
237	4
875	10
617	3
594	8
583	9
45	15
833	17
903	19
870	6
674	6
617	10
597	13
198	7
611	11
566	20
23	13
966	8
681	19
922	9
989	20
382	14
220	12
916	7
475	11
884	19
611	3
232	5
105	18
267	12
664	10
976	15
829	18
483	15
878	6
98	16
953	18
850	1
363	4
753	4
361	20
759	11
752	1
130	17
538	9
181	7
747	17
705	3
996	5
835	5
442	3
135	10
783	3
821	7
304	11
739	2
63	10
774	12
570	12
826	11
810	6
233	11
487	10
831	20
140	1
560	12
698	11
29	1
4	20
450	14
899	8
334	5
435	13
354	17
899	4
382	2
396	15
521	2
53	3
824	1
698	2
471	5
859	8
792	16
424	6
805	18
368	1
46	20
348	8
775	11
147	12
842	16
608	1
390	10
748	10
211	10
301	8
515	5
28	10
744	8
2	6
491	13
880	5
249	14
44	16
851	15
78	9
460	8
431	9
342	12
527	16
748	9
393	3
33	5
393	13
927	2
614	13
343	3
326	7
872	12
312	13
487	6
500	9
769	16
466	6
10	14
536	11
538	14
145	19
673	9
332	10
268	12
410	18
179	2
887	12
690	14
215	14
417	13
518	8
265	9
894	4
897	6
299	15
878	1
526	4
347	20
860	4
944	17
766	9
248	1
960	11
203	9
573	15
721	12
982	6
360	16
825	2
677	7
300	14
27	9
667	19
307	19
861	18
798	12
547	11
203	12
720	13
834	14
61	9
42	18
986	9
522	2
796	18
437	17
487	16
66	18
225	17
544	18
623	3
957	18
135	6
390	11
778	2
82	15
188	10
304	8
705	6
124	2
764	16
627	8
156	3
713	18
828	20
252	15
360	7
752	12
383	15
687	20
544	16
60	8
495	10
612	16
505	19
432	15
158	4
878	1
188	6
499	8
535	15
663	14
926	8
639	6
140	8
427	6
572	9
900	16
115	13
961	18
360	10
919	1
863	20
256	6
550	15
990	2
544	19
855	17
438	11
383	8
235	15
365	2
911	1
115	7
600	15
987	13
250	6
309	13
41	15
273	18
397	16
316	17
815	17
143	17
940	19
991	4
706	1
986	14
638	4
84	5
822	8
381	10
80	2
473	16
293	19
169	13
149	8
142	7
305	2
69	1
487	16
580	20
922	13
352	14
567	8
392	8
245	8
930	6
697	9
284	11
193	10
702	13
15	14
121	1
683	20
93	1
659	1
287	11
750	11
303	14
10	18
892	2
407	11
171	17
535	9
941	8
862	18
305	8
617	12
791	13
334	18
475	20
822	1
889	4
113	15
28	4
344	14
194	2
857	5
139	4
872	15
520	11
957	9
676	3
367	15
614	14
776	16
524	14
162	17
42	2
72	5
113	10
45	12
161	10
213	19
730	17
156	13
984	8
56	7
346	8
965	5
227	9
547	14
704	16
710	8
261	16
926	12
168	16
789	9
171	11
266	5
953	19
424	11
689	2
705	1
426	4
396	7
473	16
937	19
499	2
371	17
248	4
748	14
698	8
994	12
174	7
15	6
665	20
78	9
113	7
285	18
374	20
192	2
246	15
874	6
993	19
810	5
315	3
690	3
68	1
842	12
880	2
251	12
62	1
894	20
719	17
151	19
232	15
514	19
761	6
378	10
964	20
959	11
711	8
286	4
268	18
40	15
226	8
705	13
72	5
982	6
883	5
44	15
195	13
763	7
489	19
693	7
248	9
354	2
632	12
578	1
952	4
786	6
64	14
548	12
77	17
704	13
303	1
321	12
568	12
66	11
975	11
853	10
882	10
268	5
503	11
125	7
197	16
892	17
302	18
872	6
532	2
555	12
427	18
549	18
307	6
828	12
75	15
348	18
979	8
804	19
700	7
657	9
811	4
201	5
700	14
192	19
970	11
353	15
485	2
871	13
333	14
55	12
293	15
637	13
193	16
521	14
542	19
901	8
468	15
629	11
987	7
719	7
254	19
552	7
354	14
601	14
712	3
246	2
939	13
601	10
218	4
25	5
211	3
935	18
84	1
490	4
912	19
424	2
938	17
652	16
69	12
865	16
497	16
844	6
503	15
767	19
928	17
83	3
756	17
369	4
74	11
431	9
799	19
661	7
767	18
162	5
897	19
683	18
293	3
983	3
665	17
648	10
157	18
16	12
375	4
697	9
628	2
881	15
814	8
955	3
931	5
622	1
520	12
621	20
932	13
895	14
793	9
659	11
351	3
497	8
142	17
442	8
426	20
818	10
199	13
254	8
868	1
330	7
252	6
20	17
443	15
757	20
132	2
629	19
124	1
857	2
417	18
660	4
702	11
209	16
319	5
913	7
297	1
253	12
345	8
394	16
901	13
362	16
2	19
73	13
86	20
374	2
797	12
840	14
392	14
666	6
708	20
187	3
927	14
877	3
305	16
601	7
804	19
339	14
175	9
397	18
894	1
105	4
141	6
159	15
620	4
613	15
905	5
576	20
41	17
903	2
929	4
983	2
954	14
540	9
176	13
591	13
340	9
380	20
631	2
755	14
847	6
751	2
351	4
397	11
246	12
445	5
721	14
630	17
450	5
639	17
138	1
751	19
477	13
957	13
523	3
399	10
881	9
508	13
282	9
308	6
95	11
786	19
735	12
910	16
162	12
608	4
901	15
457	18
556	2
167	2
364	17
493	2
486	15
561	3
870	1
972	11
266	1
956	7
974	16
595	11
619	18
878	9
312	7
966	4
282	6
382	7
140	19
845	20
158	8
181	12
626	12
714	15
783	7
257	20
322	13
909	18
194	11
4	17
637	2
921	7
243	19
600	8
224	16
216	18
28	10
268	10
332	17
939	2
332	7
41	11
413	17
765	16
750	17
63	18
960	11
567	16
401	14
62	1
634	18
327	9
114	6
343	7
814	4
428	5
581	6
121	9
619	9
307	11
935	16
139	5
987	1
572	13
822	8
519	17
623	11
779	14
866	3
586	11
396	8
476	8
595	9
427	14
52	3
244	2
759	4
77	20
389	18
513	13
240	8
887	13
920	7
516	3
483	4
387	4
4	19
435	16
80	10
809	12
275	7
454	11
39	14
496	16
614	18
949	14
34	7
805	12
354	9
739	9
593	17
964	19
914	11
340	13
299	2
559	3
604	3
74	12
512	6
864	15
318	8
829	12
106	16
596	8
397	2
221	1
112	4
424	17
410	20
828	6
489	2
480	18
254	20
900	7
352	10
581	19
444	1
549	20
924	19
764	10
190	20
792	20
41	14
349	1
418	11
778	6
370	10
712	6
220	20
863	16
212	7
509	17
171	8
800	3
339	4
9	17
665	6
163	4
377	14
969	19
119	10
497	9
365	20
857	20
695	4
325	10
888	1
79	7
720	15
637	16
626	18
686	15
354	14
609	17
955	18
881	11
380	18
301	16
727	19
424	3
178	15
958	18
689	17
762	10
800	17
419	7
399	11
436	17
587	3
555	10
284	7
308	3
219	9
483	19
861	19
888	2
253	8
709	10
69	15
651	10
684	2
89	1
269	3
461	2
13	3
946	15
507	10
913	12
234	17
887	8
453	6
338	15
954	1
357	20
372	3
413	3
921	16
644	14
932	11
920	9
68	14
883	3
785	3
131	12
110	12
763	13
279	5
756	20
760	11
427	16
630	17
769	1
558	5
1	14
301	5
857	4
787	6
20	18
848	5
134	20
386	14
489	18
565	6
494	11
916	1
150	17
350	19
300	15
877	8
732	2
882	1
630	8
500	8
640	17
392	16
299	5
866	3
185	7
303	11
379	12
199	18
735	8
961	14
880	19
250	13
587	8
423	20
817	19
50	17
738	20
762	17
440	20
918	19
292	14
861	10
473	1
419	1
148	1
422	19
801	5
388	4
226	3
908	16
895	10
147	9
68	18
906	8
308	20
770	17
744	15
311	10
654	17
800	4
710	14
873	17
463	19
238	9
353	5
854	15
95	11
628	13
687	20
117	6
800	16
185	13
250	10
900	17
487	5
207	10
991	11
854	18
338	16
935	2
342	10
245	20
24	20
320	2
323	1
22	8
827	9
805	14
418	11
151	3
70	3
973	14
502	4
950	4
647	11
861	3
534	19
825	9
414	4
827	16
343	1
583	16
735	10
704	8
65	1
862	7
27	4
981	14
771	12
877	18
845	15
914	3
267	15
369	5
923	13
496	14
217	10
210	20
461	5
499	12
346	5
849	11
17	7
888	5
259	12
365	14
572	14
439	11
767	18
481	18
247	11
671	5
349	12
206	2
731	14
18	7
754	7
327	9
343	4
740	6
44	16
918	16
456	5
363	16
654	4
3	18
220	18
346	14
908	9
632	11
880	19
607	5
562	10
481	9
672	13
649	6
586	3
801	1
888	14
318	3
667	6
736	16
838	3
800	4
609	1
333	17
45	13
606	15
104	12
477	7
844	17
456	7
928	15
775	18
359	1
772	12
53	4
594	20
955	18
464	7
326	18
99	2
966	8
780	17
818	11
939	15
980	3
47	6
430	14
163	20
679	11
800	12
125	3
687	4
87	1
897	20
903	15
731	1
684	10
146	4
334	16
477	19
877	10
590	11
220	19
97	13
389	10
364	12
423	2
633	1
184	10
8	3
910	19
377	13
401	18
819	19
645	20
891	3
337	18
780	12
564	11
947	8
810	19
698	12
297	15
538	1
148	7
753	12
359	12
460	20
262	2
837	2
363	15
908	13
58	5
989	7
375	19
917	4
396	12
540	18
400	12
234	16
815	6
95	1
541	18
495	3
323	14
719	10
305	2
538	13
329	11
810	14
407	5
630	6
923	17
172	8
684	9
712	2
616	1
776	17
176	14
825	16
124	6
683	7
972	7
304	16
105	1
275	17
687	5
755	9
725	18
765	20
128	2
601	3
828	20
737	1
120	20
573	3
176	4
772	7
79	15
697	19
664	4
666	12
601	4
838	12
709	9
425	10
309	4
177	11
114	20
618	2
560	8
358	18
247	10
656	7
800	9
764	20
464	4
70	18
749	12
537	5
349	14
409	3
503	12
224	15
953	18
420	14
852	19
808	15
904	3
926	14
923	16
765	12
188	9
856	13
881	15
770	11
144	6
385	19
427	1
821	16
875	1
52	5
651	10
457	4
595	4
442	6
966	18
701	19
537	2
398	11
890	1
176	4
578	20
415	12
63	10
892	9
471	17
113	13
705	12
446	20
730	4
631	11
535	11
35	11
516	12
876	17
521	3
557	4
833	14
643	18
556	19
258	18
914	11
196	2
944	8
823	5
909	20
785	5
541	8
619	2
697	4
16	3
973	15
546	14
518	20
252	8
693	10
279	12
222	14
614	3
98	19
242	19
185	14
583	20
189	16
991	2
705	1
112	14
830	13
542	4
841	19
359	2
286	1
444	20
134	14
736	7
263	15
563	8
612	11
508	13
770	20
724	18
310	1
880	19
80	12
306	17
157	12
467	5
705	17
704	15
793	6
634	17
978	13
79	19
395	6
600	13
284	20
834	13
846	5
880	7
713	18
27	4
434	15
326	17
416	7
500	13
667	20
318	8
292	9
991	19
853	16
930	1
167	19
672	8
21	17
725	10
485	11
623	1
619	16
810	18
117	1
924	5
409	18
576	14
581	5
861	8
801	13
403	16
837	17
293	20
584	12
440	16
1	19
470	10
897	1
710	11
444	11
70	13
835	13
122	17
32	5
686	20
723	7
40	18
61	2
33	5
806	6
303	15
604	18
19	1
144	10
536	8
8	2
78	9
117	3
2	20
616	9
276	14
874	15
602	2
468	5
92	9
504	4
665	6
957	17
765	6
457	3
253	14
68	1
567	14
24	2
215	19
129	14
703	16
111	4
663	12
335	6
598	2
346	19
129	4
499	7
230	8
320	6
747	12
455	19
519	11
483	13
992	20
506	1
311	15
709	7
499	11
541	11
227	20
442	6
958	2
241	16
52	13
484	20
176	2
634	3
335	16
527	5
269	4
199	5
655	1
596	1
364	2
204	7
69	18
185	6
884	6
346	16
380	15
439	2
604	8
657	15
12	2
802	14
974	18
584	2
996	7
687	20
897	2
983	11
265	14
879	18
345	2
146	2
357	19
982	5
858	13
765	4
457	19
282	10
987	17
88	20
725	14
262	11
507	17
216	2
750	17
489	11
6	2
383	19
205	20
168	12
777	10
588	10
831	1
781	19
385	2
773	8
802	16
389	17
849	8
376	16
129	6
848	7
663	3
108	4
931	10
227	13
946	19
458	8
635	10
599	11
850	14
3	10
566	5
897	13
876	17
284	19
334	10
730	13
235	15
209	20
927	11
143	2
858	11
88	13
69	2
296	16
80	15
328	17
452	20
714	7
885	20
334	11
953	18
181	9
91	2
646	2
480	16
164	18
534	10
367	18
210	13
87	18
101	11
169	13
94	13
915	6
552	9
262	3
424	1
147	20
817	1
477	10
393	7
917	10
29	7
294	16
935	2
183	11
625	15
222	4
957	9
707	7
84	17
79	1
543	14
88	18
943	4
785	15
286	4
133	11
770	5
753	7
940	7
913	12
603	8
948	16
906	7
901	7
257	17
838	18
413	8
436	2
170	5
963	14
292	15
444	9
182	19
509	4
205	17
877	19
510	2
862	16
195	2
333	19
334	7
53	10
783	1
797	20
666	10
78	9
347	16
250	13
43	12
864	1
46	17
256	7
856	17
146	1
267	12
402	2
986	20
182	4
51	6
388	14
205	13
429	19
833	2
291	5
104	16
654	13
663	17
24	8
796	1
114	5
102	12
996	6
121	5
628	19
191	2
243	15
841	15
920	7
683	19
182	7
422	1
859	5
592	13
449	11
818	10
908	8
848	16
531	16
615	11
735	19
721	17
375	11
335	12
343	14
578	11
460	8
861	1
887	15
186	20
660	10
173	13
472	20
158	10
213	1
120	16
628	19
174	3
987	16
720	14
828	15
169	10
284	1
751	17
68	16
933	12
162	10
938	4
826	17
759	3
230	3
181	10
454	15
865	9
894	5
157	16
44	9
484	16
829	18
913	12
820	14
966	20
486	20
556	12
728	10
46	1
91	18
638	18
288	18
179	8
293	2
839	17
778	7
745	17
424	12
894	4
693	14
257	20
253	3
39	9
202	15
292	2
549	2
192	8
451	1
179	11
871	13
39	15
781	19
148	5
542	13
238	17
383	3
139	17
328	3
661	9
564	10
339	9
701	10
373	7
318	17
535	17
176	6
498	5
437	2
87	9
52	9
952	11
684	7
189	6
638	15
618	19
257	18
415	15
410	17
712	20
108	20
405	7
721	11
586	1
962	13
424	9
102	2
385	14
186	14
948	14
725	2
770	13
427	4
578	10
624	8
699	6
850	9
995	6
450	20
197	17
128	16
439	5
381	5
717	15
378	1
620	14
929	7
310	5
270	4
614	1
632	14
144	14
540	15
614	11
749	19
359	16
214	13
57	4
856	15
119	11
854	11
640	20
522	19
776	13
139	10
113	20
329	8
117	5
802	6
204	6
358	7
238	7
251	1
488	1
783	7
453	10
667	14
267	7
429	14
365	11
844	7
758	7
841	17
332	2
599	14
97	3
170	14
99	3
409	3
255	16
924	8
363	10
250	20
595	4
375	13
530	2
433	11
814	14
152	3
821	15
294	4
517	14
595	8
979	4
884	6
125	10
995	2
999	11
172	5
849	9
713	17
202	1
907	1
140	20
15	13
900	7
829	11
895	20
949	12
305	14
465	5
247	3
220	19
233	6
373	7
838	8
20	13
155	5
347	20
369	8
510	19
39	2
484	17
277	7
261	17
702	8
893	13
28	20
564	6
479	7
824	8
36	20
709	10
917	20
756	17
734	4
560	16
716	4
220	13
156	16
933	18
138	9
106	2
513	13
354	16
13	5
147	6
369	16
323	17
42	2
225	17
780	20
627	10
509	12
617	7
234	14
116	13
115	6
875	10
871	10
162	8
892	12
152	1
537	19
406	17
122	19
238	15
878	4
562	11
676	11
201	10
208	12
718	9
824	2
777	7
795	7
83	2
861	19
103	14
640	19
150	3
692	14
297	14
948	2
257	15
380	12
682	11
480	15
390	7
36	10
469	18
567	1
302	15
770	5
971	3
348	16
467	1
357	16
457	1
446	19
82	7
506	1
347	15
365	8
48	10
105	19
899	7
769	16
86	5
702	20
692	20
59	12
834	15
467	15
816	9
716	16
110	18
53	9
477	1
311	20
317	8
573	10
320	11
154	1
580	12
588	19
910	2
290	1
5	16
479	2
108	7
250	14
98	8
653	1
954	4
115	18
578	19
877	19
173	13
283	19
515	14
138	15
773	19
706	11
617	15
68	5
308	12
53	7
452	4
186	19
486	1
495	12
210	6
43	3
671	5
712	8
923	4
478	19
507	11
66	14
502	1
792	12
632	14
359	20
936	2
906	11
921	8
176	6
649	8
124	11
955	3
613	13
64	20
362	20
904	12
51	1
630	4
465	20
503	13
781	6
995	10
249	14
734	12
293	6
921	9
645	14
16	20
625	8
942	8
869	20
111	7
136	14
860	12
185	1
70	8
926	7
420	2
508	15
644	4
445	15
812	16
632	2
921	16
284	12
35	6
894	1
191	11
510	17
930	12
543	6
692	16
532	9
283	17
483	6
658	1
608	9
921	8
357	17
67	19
617	17
160	14
724	17
249	8
709	11
504	7
719	16
11	12
865	7
951	18
367	1
467	9
600	19
489	8
486	12
685	18
697	9
727	9
320	20
835	3
324	7
446	7
836	3
599	20
414	19
153	1
497	3
76	18
917	11
247	5
729	12
255	10
994	2
113	14
495	12
328	13
902	10
176	14
899	1
423	2
270	8
441	10
193	18
522	6
772	16
693	8
958	13
365	2
847	17
589	13
581	20
801	19
565	12
123	5
773	4
152	4
891	3
355	4
528	10
421	13
692	12
843	16
85	13
60	8
749	6
727	11
216	13
125	13
152	18
86	19
635	7
126	19
108	4
889	11
57	5
108	8
147	16
577	11
907	18
810	4
437	7
604	10
261	9
804	17
930	19
66	1
856	12
184	7
877	12
897	9
884	17
69	15
122	9
326	14
994	16
16	8
357	13
674	4
332	13
989	16
462	9
426	7
665	4
935	14
229	5
373	20
578	18
403	1
890	17
437	19
229	11
456	19
10	3
293	4
878	10
212	15
15	13
393	11
374	1
494	19
887	9
530	5
443	14
96	13
55	7
758	10
265	20
242	14
956	7
83	17
723	8
83	19
613	19
94	1
953	3
957	4
398	20
744	19
569	3
211	6
745	12
84	8
6	13
268	18
830	20
523	11
197	4
67	19
253	17
409	7
339	5
626	17
362	3
328	10
164	18
901	11
652	20
138	5
910	14
566	16
20	3
306	6
209	3
634	20
88	9
579	14
739	12
333	7
786	14
134	20
205	17
570	2
86	12
874	12
3	2
282	20
268	12
222	10
258	14
918	6
215	11
648	8
954	9
570	11
707	11
96	1
301	16
409	10
238	7
435	13
481	5
181	14
184	6
565	10
374	7
408	1
97	10
535	4
634	3
701	3
787	14
547	6
809	1
813	2
583	8
97	18
351	16
656	11
829	14
828	5
242	20
245	11
320	9
359	10
583	10
602	18
757	3
529	7
820	9
108	16
98	8
373	14
87	15
614	14
864	1
362	8
274	20
956	7
288	15
702	3
404	15
177	13
36	8
625	5
528	15
858	3
364	5
218	16
605	5
272	6
725	11
844	12
702	8
918	13
603	13
82	12
308	20
693	3
472	5
925	17
89	17
260	9
41	20
311	8
481	13
98	18
690	14
979	11
786	19
847	15
646	9
686	10
741	12
249	3
356	16
168	14
63	14
675	5
940	2
661	7
475	7
121	6
93	9
780	18
573	15
774	15
157	13
447	4
819	16
459	12
302	2
748	11
142	4
87	12
615	9
760	13
309	1
842	14
205	18
177	6
387	4
17	17
18	12
168	8
126	13
50	16
354	17
69	10
477	7
736	20
829	3
351	3
94	3
615	14
296	16
963	14
234	10
977	9
736	1
480	12
379	14
422	15
89	16
673	3
700	8
644	19
883	7
37	8
796	16
8	14
317	9
883	20
561	20
609	11
952	7
980	16
526	13
488	5
627	8
563	4
841	17
664	19
452	9
338	7
163	3
493	5
418	10
947	1
939	3
270	5
388	19
409	2
756	2
866	5
82	17
870	5
21	3
834	10
478	6
641	18
25	14
973	5
826	18
39	15
685	14
634	6
713	5
406	10
468	15
437	12
247	19
728	14
57	16
851	14
869	18
704	17
848	5
626	5
326	9
489	12
175	2
142	9
302	1
82	10
743	8
152	9
478	15
575	5
674	20
418	10
870	18
514	3
371	8
707	1
34	6
256	14
55	5
730	17
752	7
104	16
777	1
262	20
146	4
626	10
991	14
586	7
249	19
413	14
225	20
284	16
131	4
260	10
704	1
176	20
141	20
36	4
108	17
16	1
680	15
496	2
992	14
643	20
133	13
712	11
538	1
522	9
823	14
282	8
54	16
931	15
741	5
219	15
36	1
246	19
999	11
794	8
13	12
720	16
85	12
298	10
710	3
11	11
407	2
699	2
890	9
807	16
719	6
471	18
19	5
118	17
642	2
774	6
467	7
51	16
864	18
139	2
988	3
231	14
978	4
660	14
89	16
431	20
210	11
927	17
992	19
490	14
991	8
729	12
557	4
387	10
693	1
559	16
603	20
600	16
13	4
183	5
225	3
249	5
332	6
174	13
677	2
142	15
162	8
520	15
563	14
931	2
741	3
307	1
328	2
486	2
359	19
782	4
626	3
695	3
620	14
121	3
465	6
936	13
991	16
734	15
551	5
693	3
99	1
806	17
643	17
412	10
449	5
156	13
949	2
198	7
63	20
24	3
926	2
38	3
776	12
771	10
972	7
96	18
48	18
392	8
745	11
402	11
754	9
699	20
2	6
413	20
256	15
748	8
796	8
168	17
620	6
750	19
812	20
740	2
302	10
769	11
642	5
976	8
792	3
37	7
388	7
777	11
753	19
515	9
562	1
768	3
612	11
200	14
746	2
938	7
356	5
316	20
982	19
87	4
876	11
825	13
118	9
767	16
705	8
749	16
195	18
322	7
489	5
694	20
34	20
210	10
104	14
182	9
643	3
580	12
76	20
857	4
542	9
722	18
525	8
196	7
426	6
292	15
333	12
594	10
257	10
105	5
8	7
13	10
481	16
954	16
982	17
609	1
229	15
500	20
886	19
902	2
324	10
608	9
638	17
560	7
856	8
178	19
740	3
513	19
929	2
73	4
668	13
805	18
518	14
68	5
516	18
105	11
33	3
736	20
614	5
410	5
590	2
638	2
186	13
428	14
483	1
865	13
928	8
892	16
883	5
921	13
522	3
360	2
934	18
950	19
640	19
482	16
717	18
758	19
843	8
461	15
465	16
595	17
519	17
234	14
399	12
482	18
788	2
122	11
561	16
581	4
328	1
857	4
689	8
774	7
372	7
897	4
263	18
19	4
852	15
944	11
449	2
95	4
653	15
205	9
976	8
977	12
75	17
26	17
591	4
820	1
694	13
251	13
559	1
686	7
515	13
595	8
664	2
85	17
883	5
152	17
759	11
36	7
680	12
170	4
41	12
47	10
933	8
926	3
176	19
356	13
231	10
131	2
988	1
814	1
88	2
213	13
205	6
327	16
14	18
12	11
938	11
898	8
579	18
922	11
312	5
38	7
73	16
763	15
948	15
876	3
98	15
314	16
569	2
109	1
746	1
777	17
941	20
749	8
173	5
259	13
526	2
675	12
168	16
919	5
519	16
892	18
72	3
761	1
155	13
916	7
629	19
905	19
383	3
101	13
426	15
207	5
348	7
955	5
875	11
485	17
157	7
435	12
865	17
218	3
234	5
598	18
646	10
324	20
722	11
244	1
252	2
6	8
164	3
993	20
270	4
709	15
588	2
807	7
428	6
631	19
556	10
586	5
982	4
151	14
92	9
998	10
686	2
53	1
928	11
991	9
721	16
436	11
42	7
377	15
293	6
338	18
827	3
408	2
759	3
319	13
87	20
511	11
575	6
592	7
753	15
28	6
372	17
154	17
700	7
653	12
85	12
380	17
426	13
39	20
33	18
60	19
479	18
382	2
139	14
148	20
855	10
14	15
190	9
36	19
577	9
182	8
577	1
744	13
810	6
932	6
605	2
178	19
231	19
430	12
677	2
460	17
871	19
7	20
548	20
615	10
74	14
339	14
979	7
257	1
609	20
757	3
950	7
328	4
563	1
563	3
781	18
875	20
36	16
778	5
140	17
348	2
534	20
297	11
193	7
580	13
716	15
370	18
610	3
802	7
964	4
206	15
479	4
814	4
96	12
107	3
991	7
336	3
208	11
268	11
485	9
259	13
118	18
746	6
461	13
121	17
205	16
781	20
982	7
448	19
175	14
182	1
71	17
338	1
506	7
239	11
128	18
179	9
626	12
358	10
22	11
719	1
648	12
383	1
35	14
14	15
92	9
183	14
252	4
574	3
133	6
409	18
847	2
858	18
281	3
657	6
13	9
392	12
663	14
632	19
348	15
200	4
827	16
478	9
150	20
398	8
87	19
832	20
543	9
587	6
736	4
179	8
680	20
905	17
356	12
901	19
591	9
631	15
212	18
731	9
473	15
679	5
616	5
706	2
587	11
119	20
660	19
462	10
418	11
19	20
831	4
19	16
292	18
735	18
14	12
980	16
496	10
380	4
570	12
897	2
767	7
432	1
402	2
436	18
608	18
481	11
793	3
232	12
284	20
53	15
284	12
937	12
435	19
579	7
816	5
399	10
750	19
424	8
750	16
176	17
669	3
203	10
944	14
676	9
763	4
95	13
416	1
182	6
902	15
45	12
747	10
100	13
254	1
189	15
757	11
296	12
518	13
215	1
854	2
611	2
337	11
774	3
317	15
894	6
560	2
920	17
436	15
905	8
730	20
216	15
351	20
347	12
63	16
553	20
543	18
806	3
52	14
108	18
267	9
435	9
91	16
316	13
547	14
275	1
733	13
444	15
577	19
807	18
672	2
5	4
776	18
852	9
383	10
498	10
941	13
180	17
844	16
142	11
710	20
849	17
475	8
194	5
38	20
179	2
981	15
655	16
477	20
910	12
238	12
590	5
943	14
439	16
911	11
41	2
26	8
251	5
862	18
254	11
907	10
920	2
634	7
547	2
387	19
288	11
278	9
405	16
728	19
969	6
423	19
323	12
941	16
561	20
839	13
445	2
410	19
867	2
243	14
586	15
77	7
273	19
530	4
122	4
988	6
270	15
984	5
52	8
597	13
999	11
861	1
888	14
568	5
737	10
534	8
742	9
657	16
571	2
688	13
818	17
576	11
668	19
814	15
130	16
22	6
207	14
913	15
215	2
414	7
256	7
440	9
537	13
962	7
346	2
351	7
888	16
678	2
930	5
926	17
961	1
273	15
404	15
188	12
128	15
406	1
881	12
689	11
165	18
535	18
608	10
122	20
37	20
881	3
770	20
972	16
911	17
146	18
981	13
769	3
553	18
444	7
383	5
869	16
999	1
358	5
403	5
510	20
903	10
14	1
848	8
422	10
490	13
941	8
985	10
947	12
771	10
779	9
801	20
806	18
557	4
221	11
855	18
136	3
322	7
274	3
177	13
12	6
186	9
343	14
564	8
594	7
232	17
531	18
350	9
408	2
547	16
448	14
329	10
49	20
709	1
336	2
250	10
888	10
648	4
923	6
854	2
731	8
942	7
910	1
915	8
592	10
640	18
717	20
43	15
852	4
577	5
273	15
61	7
602	1
430	12
116	9
973	3
622	13
367	16
459	16
952	7
543	15
782	8
961	8
283	5
482	17
904	6
988	14
576	11
576	5
619	12
140	11
486	13
680	11
174	16
642	16
562	16
692	1
790	20
223	18
73	15
570	17
640	19
906	12
302	19
392	18
881	6
797	14
903	8
862	13
323	20
530	18
371	10
83	5
505	17
381	8
67	4
327	11
444	5
650	1
407	17
966	1
247	12
800	3
432	14
652	7
265	16
672	19
540	4
747	13
375	5
136	4
430	2
661	5
574	12
918	6
778	19
653	12
928	14
230	11
554	12
465	1
14	2
710	1
811	11
186	7
703	6
551	7
973	14
570	17
223	8
591	12
970	3
445	3
748	20
381	19
547	8
131	12
183	5
766	14
484	8
761	13
86	11
900	10
3	1
398	4
430	8
120	2
356	19
572	12
332	16
131	10
72	7
783	16
804	17
636	12
869	14
561	2
254	1
910	15
614	4
366	15
993	12
235	3
669	9
959	20
120	18
698	8
462	19
820	10
321	18
212	1
810	11
238	20
918	14
164	16
733	15
936	9
277	14
688	20
66	13
328	14
784	1
559	10
777	15
237	13
865	11
902	3
950	10
598	7
38	2
553	14
146	1
584	13
556	9
479	16
2	1
295	1
371	9
313	3
295	19
579	1
463	13
712	19
77	8
204	16
146	11
5	9
829	4
651	2
524	17
416	20
774	13
73	2
710	4
388	14
626	6
103	18
950	14
5	2
499	9
932	11
649	13
832	12
292	8
185	5
70	18
581	2
641	6
715	14
487	1
317	10
992	2
304	12
705	6
906	4
501	9
889	11
827	19
521	9
528	13
637	4
294	20
176	18
951	13
142	7
488	15
873	16
114	5
41	6
30	3
48	14
620	15
945	16
430	4
629	3
20	11
32	2
846	16
480	9
643	14
214	13
809	19
945	15
964	13
917	2
290	7
522	20
762	19
941	12
704	7
812	18
302	15
492	16
793	20
282	3
492	5
49	6
650	17
940	13
569	19
47	16
218	11
608	5
230	18
60	6
683	18
955	9
975	11
66	13
401	19
558	10
199	4
784	2
823	10
778	9
65	15
494	18
304	3
788	10
223	20
216	6
964	9
763	2
676	15
313	11
697	3
882	11
743	17
945	12
284	1
719	16
799	17
33	3
700	15
608	20
309	20
75	6
253	4
699	13
315	1
183	10
488	3
67	11
152	2
169	19
100	19
857	18
436	9
165	11
179	7
110	1
760	8
653	1
46	15
267	15
97	14
720	19
2	15
261	12
257	6
745	16
671	2
4	6
83	1
228	19
250	1
370	15
644	7
140	14
100	8
85	1
77	3
508	5
684	16
756	18
894	14
837	20
948	1
406	7
434	10
86	9
896	17
518	10
633	16
308	9
483	19
488	13
970	13
811	5
923	3
6	3
208	12
274	9
884	3
983	14
913	11
338	19
155	7
768	20
441	16
205	10
941	5
100	9
784	10
608	5
15	1
368	12
434	18
253	14
210	6
128	2
173	5
673	10
441	6
417	11
431	10
113	3
403	5
26	8
665	16
542	2
910	14
511	10
575	18
754	2
606	9
764	9
546	9
692	8
221	1
104	18
313	4
922	7
849	5
783	14
273	13
274	17
865	2
478	16
996	11
450	7
532	4
634	4
949	17
397	17
678	10
268	16
709	11
887	6
897	19
834	3
980	2
158	11
793	18
679	19
899	15
592	19
417	17
300	5
525	11
497	11
94	10
66	12
208	3
302	1
732	12
402	9
506	20
532	4
536	3
290	8
139	15
236	17
535	10
910	2
966	11
619	1
77	17
324	5
473	7
575	14
160	4
464	5
932	2
597	6
499	13
962	2
405	5
402	11
62	9
425	6
301	1
842	15
903	16
739	9
326	19
540	5
713	11
206	7
465	15
557	10
545	4
506	5
957	3
439	18
806	3
990	8
95	13
256	12
892	10
421	10
943	17
399	8
210	19
760	5
631	15
628	14
388	8
685	1
362	10
589	3
197	17
790	20
143	9
457	1
354	16
7	17
757	3
897	19
762	5
1	16
705	9
182	14
357	4
171	5
278	4
878	1
262	2
517	10
594	13
422	11
551	12
153	6
488	6
681	10
932	19
329	3
709	17
561	12
413	15
716	19
524	11
101	20
119	10
434	11
983	20
187	4
238	11
899	12
707	4
681	3
845	12
37	14
256	20
837	7
838	2
516	1
81	15
534	9
790	12
635	16
481	12
601	1
684	18
613	3
295	17
80	1
373	18
109	1
49	13
997	12
374	18
561	2
232	12
770	8
783	15
991	20
24	2
566	4
780	14
471	13
983	12
807	18
6	14
89	5
971	9
778	13
224	2
249	18
116	18
697	16
251	12
796	20
661	11
154	5
352	12
889	10
473	6
870	4
670	8
139	10
362	13
87	17
640	9
463	2
842	7
306	17
778	1
647	19
652	11
838	19
681	4
979	20
919	16
818	9
286	6
796	3
281	14
445	10
788	5
202	3
154	18
103	15
171	8
131	17
283	17
588	3
225	2
177	9
69	10
494	11
822	4
359	9
282	19
616	1
419	18
788	12
50	6
900	9
796	4
876	19
436	20
924	8
682	15
47	17
803	9
555	1
460	6
802	15
365	14
52	7
687	14
809	20
933	18
263	15
867	11
945	15
456	5
17	2
411	7
420	2
566	16
601	1
19	7
136	5
247	20
719	8
594	18
314	2
229	12
717	15
63	19
827	17
300	2
990	5
873	19
799	9
587	11
541	12
198	1
679	1
794	17
119	16
669	10
88	1
283	8
917	14
237	20
650	4
576	1
545	19
323	6
644	5
44	11
45	19
571	4
100	2
675	6
990	13
336	11
219	13
776	7
552	2
116	20
868	8
536	7
639	18
331	12
53	6
309	13
822	16
63	14
145	10
746	20
266	10
120	18
184	7
475	10
557	2
141	18
31	11
335	14
483	11
445	3
92	20
590	5
530	13
716	7
911	17
501	6
351	4
546	1
456	17
380	20
680	2
913	16
350	19
267	19
657	20
460	13
911	13
756	2
445	4
938	11
455	18
306	5
843	15
561	9
877	5
840	9
566	9
827	9
640	10
959	17
744	18
265	19
806	19
138	9
933	3
613	17
274	6
161	5
520	17
662	1
893	6
770	20
280	13
435	10
136	16
241	2
864	3
161	20
869	8
957	8
130	13
862	16
608	14
693	9
167	2
539	11
616	18
882	8
729	3
571	3
795	10
650	9
962	11
133	6
511	3
664	11
396	4
614	6
736	18
207	3
897	15
351	18
416	15
71	9
393	8
292	15
409	19
848	6
276	19
73	3
529	15
485	11
913	15
215	1
486	5
848	15
104	1
149	20
976	20
793	19
34	13
905	2
882	13
652	19
683	18
425	13
816	2
895	14
257	14
228	16
319	16
733	18
389	1
207	13
902	18
861	7
518	8
271	18
15	15
903	19
871	10
139	7
841	9
939	14
186	14
947	15
86	20
788	5
392	20
88	9
803	12
999	20
65	3
852	7
677	15
319	20
910	10
537	7
189	16
294	1
324	10
581	8
506	10
166	3
358	20
405	4
405	2
657	13
827	11
879	9
13	19
185	14
870	12
822	6
542	3
703	1
513	17
661	7
584	14
281	6
488	11
287	16
593	5
143	16
698	18
559	17
97	20
468	14
290	7
119	13
757	16
833	12
415	16
410	18
558	3
556	2
999	15
830	20
334	3
840	10
241	4
595	6
137	12
666	19
310	20
795	9
869	17
205	14
106	1
683	5
85	8
76	11
902	15
143	16
63	8
847	14
512	3
239	9
428	18
998	13
111	16
804	20
867	13
993	14
504	7
617	17
810	2
852	15
829	2
466	11
418	13
261	10
4	7
744	20
506	6
618	6
967	3
885	14
504	17
304	15
739	6
488	6
584	3
9	3
305	3
135	2
859	7
66	17
935	13
691	11
38	4
570	16
236	20
357	9
426	19
603	13
222	1
874	11
454	7
451	11
208	4
385	14
190	4
755	3
550	5
246	8
102	19
155	11
833	6
760	1
876	13
65	18
152	8
109	6
126	7
342	6
594	3
325	19
590	13
711	6
834	8
731	3
690	14
127	9
114	14
856	10
917	18
2	7
811	16
199	11
85	20
50	9
463	4
292	8
872	5
747	16
193	5
111	8
293	14
254	16
839	8
905	8
614	10
778	15
330	6
164	19
474	10
3	13
840	6
470	3
198	4
273	14
62	10
725	19
283	12
296	13
258	15
195	17
433	8
808	17
193	12
726	20
417	18
759	18
176	6
757	1
318	8
658	11
977	20
811	15
530	1
602	6
480	17
728	8
659	19
910	3
346	10
886	14
992	4
77	7
915	6
795	12
65	20
48	17
845	16
935	2
65	19
812	1
431	5
467	10
658	15
444	11
273	18
994	12
692	19
27	14
673	12
687	13
796	3
728	18
70	16
451	16
466	1
201	8
668	11
824	10
307	5
534	11
450	10
931	19
265	1
930	9
368	3
732	13
495	14
680	14
696	17
746	11
532	1
155	13
4	18
788	12
802	8
880	5
945	3
731	4
946	12
728	5
772	13
399	4
897	20
310	9
758	1
818	12
234	18
680	4
950	12
55	9
854	16
351	6
286	19
624	5
308	6
177	2
770	11
593	3
356	4
106	14
60	10
605	18
434	4
402	11
908	9
858	14
10	12
232	7
378	9
984	17
441	9
251	6
922	13
436	6
181	5
588	10
559	10
142	15
759	10
873	12
266	17
777	20
714	2
762	11
474	11
65	5
831	2
230	13
426	16
429	6
123	20
841	1
535	13
336	18
114	8
420	14
266	10
297	13
949	9
410	12
667	12
274	17
46	11
698	11
787	9
560	19
23	4
181	6
826	7
30	5
955	20
913	8
597	12
404	8
286	17
250	14
886	9
174	2
268	2
103	20
550	13
389	13
686	20
278	17
398	12
845	5
350	7
94	5
847	8
259	9
814	15
217	5
326	6
314	14
619	7
641	19
374	13
274	20
28	13
837	7
958	6
66	1
494	19
215	6
342	4
391	6
547	12
439	12
960	5
902	8
586	6
621	3
570	1
191	20
109	1
839	4
683	12
870	1
882	18
58	19
2	13
976	8
988	5
628	1
275	3
574	13
283	15
898	19
599	1
933	1
654	13
412	11
450	15
660	6
602	4
979	10
897	19
744	13
587	13
17	3
831	9
98	7
682	1
79	17
27	19
914	11
836	7
721	14
532	17
5	18
572	1
527	4
712	12
529	13
184	14
855	4
711	9
958	5
800	16
154	17
763	18
144	17
287	12
151	19
281	3
703	18
140	13
21	11
409	16
679	2
531	18
968	13
459	11
417	7
159	1
518	19
430	13
433	1
380	5
133	12
617	2
211	3
700	20
391	20
545	7
869	9
378	14
177	10
610	17
595	8
16	6
715	6
352	6
110	16
607	10
278	17
973	20
406	12
913	4
835	16
413	2
686	6
721	4
832	20
565	18
309	16
213	13
588	10
430	20
694	8
308	11
76	17
377	16
445	5
341	8
493	14
685	20
857	17
297	10
4	17
525	13
809	5
624	9
108	12
486	1
25	18
912	10
995	9
808	3
395	18
983	20
55	13
892	9
554	12
235	16
7	1
915	4
175	13
768	8
613	5
60	4
630	13
354	10
135	8
504	4
132	8
520	4
33	13
316	11
76	9
317	10
402	16
564	9
472	18
790	6
486	20
675	13
38	12
758	14
215	20
524	13
475	2
440	8
397	18
159	16
227	18
304	16
644	19
421	7
984	16
880	5
83	18
870	9
102	9
413	16
822	1
942	20
810	20
430	12
446	19
768	4
928	19
62	19
516	10
934	12
737	18
750	1
652	10
726	2
570	16
542	2
859	8
182	8
747	17
970	17
960	18
709	1
928	6
808	9
782	15
431	18
867	4
639	16
98	14
306	16
275	12
989	15
774	3
515	12
504	16
126	17
752	6
467	3
200	12
741	14
597	17
300	8
270	13
297	7
573	1
275	4
630	17
22	9
447	19
832	9
774	2
349	11
811	19
734	19
860	9
300	19
58	10
112	8
845	7
314	15
220	16
14	1
901	19
201	16
820	3
586	15
662	18
893	1
132	15
652	7
650	7
795	5
272	19
76	20
115	16
34	18
747	10
97	3
953	20
973	2
814	15
461	1
151	12
275	6
633	18
17	6
612	16
51	4
260	19
642	20
7	17
855	1
526	17
353	19
193	20
309	20
755	19
81	6
782	18
643	1
421	19
878	17
638	9
340	14
249	8
403	15
409	17
686	1
174	5
651	18
785	14
580	17
695	2
247	2
561	9
389	8
565	17
847	17
775	8
748	12
870	10
869	7
274	7
52	20
424	15
82	17
636	5
668	7
23	4
489	14
451	9
262	4
422	3
806	20
481	2
598	7
595	13
592	7
749	11
574	12
80	4
928	4
772	2
393	6
530	5
281	4
282	12
231	14
884	2
501	5
20	20
553	10
847	20
163	13
500	19
824	16
968	1
882	13
486	20
161	9
280	20
829	17
115	19
392	11
770	3
823	17
628	7
6	8
648	12
914	7
970	18
304	14
861	2
149	9
565	15
360	18
763	16
65	5
88	1
279	5
245	6
389	4
150	3
646	1
863	12
602	4
484	11
502	18
926	15
51	1
674	6
500	3
381	19
848	5
465	11
887	11
116	8
504	15
538	15
871	3
586	10
837	20
841	9
719	15
189	4
695	6
64	9
486	8
47	20
772	7
652	15
803	20
744	18
892	20
962	11
880	17
855	16
892	12
339	10
384	6
690	10
377	15
773	17
610	5
961	18
227	14
335	14
661	18
872	15
416	3
642	5
982	6
957	2
248	2
8	8
220	9
3	10
641	11
25	4
878	16
474	16
705	2
385	5
18	17
253	10
390	7
361	1
745	5
514	12
887	8
766	18
410	3
910	11
755	2
568	10
26	3
313	17
363	8
557	3
448	6
912	20
844	1
137	16
760	15
913	5
686	19
647	5
267	14
316	19
522	12
679	18
871	5
235	7
822	8
660	5
163	17
325	17
478	15
987	18
16	18
6	16
743	10
465	13
236	2
142	17
36	5
130	1
786	12
647	9
734	14
361	7
618	12
891	10
862	12
108	11
519	4
264	12
666	13
961	3
154	1
809	11
785	15
984	5
85	7
695	13
555	16
358	14
883	12
331	16
450	9
55	2
576	19
508	9
166	17
168	10
184	4
794	13
554	3
217	19
980	7
423	11
416	16
12	17
113	8
771	1
535	8
230	8
636	2
505	18
969	9
620	18
521	7
56	4
356	1
384	17
285	5
659	15
480	6
467	11
479	7
149	3
876	3
226	9
734	18
854	3
387	7
228	5
777	11
864	12
968	20
999	7
253	20
511	4
581	12
187	18
185	1
305	16
658	8
280	14
604	9
557	4
84	2
773	7
335	2
801	20
497	3
941	5
965	12
497	12
118	17
597	10
819	10
138	18
293	16
263	17
269	18
407	3
611	19
244	6
843	20
356	11
801	3
107	9
377	9
847	16
493	19
8	17
804	15
813	13
267	18
495	10
982	3
713	15
171	9
847	18
550	3
192	8
595	18
105	4
751	9
582	17
497	3
33	8
33	4
661	4
268	5
926	17
199	16
305	5
883	10
628	14
987	17
372	12
199	13
750	4
857	6
953	5
37	7
108	2
452	10
506	19
680	16
958	7
66	2
15	12
139	16
358	3
48	3
931	6
696	17
217	15
691	5
101	5
325	1
396	1
210	11
199	9
146	10
309	10
774	1
386	14
163	14
982	10
429	7
730	19
535	18
373	1
829	16
3	8
975	3
204	2
302	10
986	16
32	14
862	9
11	18
655	11
72	6
67	20
835	20
614	15
731	18
661	13
614	18
179	8
612	3
762	15
608	14
98	18
762	6
277	13
9	6
461	2
914	6
424	9
671	15
760	14
400	18
131	14
951	9
156	13
342	17
964	10
577	8
721	6
168	17
2	18
771	2
992	14
910	11
484	10
230	2
778	17
503	4
639	17
913	2
175	9
697	1
656	14
574	1
516	11
951	1
521	2
747	8
829	14
819	1
674	20
421	13
769	4
359	16
197	4
998	4
235	8
353	20
65	17
688	20
978	13
449	16
453	3
26	9
123	7
750	20
392	14
284	8
190	4
311	20
235	17
739	10
87	16
140	16
3	3
265	17
655	3
509	14
983	6
287	14
487	4
341	17
801	19
182	7
222	11
402	3
825	5
799	2
353	5
667	19
973	4
108	12
90	9
280	20
812	17
44	8
675	3
685	16
774	7
364	13
27	15
206	7
103	19
429	14
455	4
370	14
658	15
556	11
686	7
83	5
306	13
771	7
300	10
540	17
815	11
377	5
844	8
982	18
975	11
157	3
408	20
137	2
657	19
368	3
889	3
921	15
434	9
265	17
143	11
969	3
609	19
222	9
483	5
102	6
50	4
987	1
636	6
499	3
745	12
276	9
735	11
218	18
47	11
524	11
184	4
124	20
371	4
734	17
28	8
87	9
81	10
947	9
628	15
82	7
786	1
184	16
291	16
357	1
253	16
290	1
681	20
224	12
749	13
362	10
565	20
589	1
164	10
621	17
645	11
280	5
789	8
412	11
921	20
769	2
991	8
376	16
757	12
562	20
890	14
221	12
49	11
227	12
904	17
923	7
194	5
837	7
721	1
488	15
990	10
704	10
810	3
342	1
420	13
366	17
443	10
611	11
954	6
900	3
644	13
486	12
219	8
477	13
801	15
497	13
817	17
704	14
798	4
586	10
330	11
628	5
577	8
233	2
135	12
253	6
516	16
631	4
222	14
640	2
644	14
299	12
600	6
826	14
616	4
808	5
262	14
85	20
821	8
795	15
861	12
831	14
287	16
280	3
631	13
100	10
844	7
748	4
985	7
626	6
238	10
528	1
419	14
756	7
628	8
966	8
494	5
97	11
853	10
861	20
114	15
858	20
194	18
460	13
921	16
738	13
774	17
656	19
689	5
987	7
318	13
503	5
999	4
180	11
573	12
829	8
321	16
231	6
158	7
291	12
647	11
447	10
684	11
394	4
870	6
942	16
72	18
559	17
197	11
795	15
89	10
244	15
440	11
561	15
700	12
530	8
291	10
821	7
851	20
278	4
287	14
360	9
901	17
588	2
751	17
519	17
233	4
813	14
882	19
14	15
698	16
288	12
224	17
885	2
781	12
929	18
968	18
175	13
719	5
521	20
719	6
759	9
429	15
62	1
180	7
541	19
984	8
834	20
960	5
169	6
199	9
400	11
464	9
725	16
969	13
911	1
512	1
615	2
56	10
979	12
903	17
701	2
673	18
596	6
239	18
568	17
975	15
36	12
464	19
16	19
890	2
434	9
606	2
303	17
550	10
522	17
75	20
855	17
568	10
647	4
342	4
544	11
739	14
812	17
780	11
470	19
840	18
291	6
725	18
323	7
396	14
645	8
942	12
219	6
718	13
493	20
543	12
545	12
778	1
657	4
787	14
255	4
391	19
423	13
130	20
601	13
111	8
189	8
614	11
801	2
205	9
892	19
482	9
767	9
404	3
883	1
55	6
471	14
709	6
661	9
886	1
153	1
565	14
763	17
783	1
304	14
405	3
25	2
672	7
95	17
567	10
229	17
920	4
899	7
289	15
468	11
857	3
135	10
748	9
812	14
661	3
760	11
519	2
836	14
46	15
346	15
556	7
848	2
969	13
982	18
334	19
599	8
166	19
77	8
917	7
237	8
632	12
333	1
957	8
612	3
734	19
636	7
300	14
202	1
120	18
890	15
858	10
749	7
965	2
747	14
312	16
692	13
464	5
293	17
110	18
199	12
750	16
869	9
717	3
40	15
568	10
100	7
950	14
752	8
759	4
734	4
719	3
347	1
932	7
83	14
377	9
738	9
516	19
348	20
166	6
409	12
993	1
973	7
152	10
183	16
655	11
158	19
198	17
20	20
577	15
111	9
505	18
785	8
936	4
600	20
707	15
26	10
682	1
490	14
674	6
950	6
319	2
943	5
586	2
705	6
42	12
164	8
527	8
586	7
255	11
940	12
740	15
579	17
124	12
808	17
698	18
696	7
869	5
636	13
60	3
254	8
854	13
492	9
254	8
68	7
970	17
551	10
512	17
370	15
21	11
528	3
545	11
776	3
811	9
742	14
621	18
23	12
770	19
949	3
607	7
724	14
800	19
77	10
389	3
506	19
17	19
931	2
14	6
933	14
299	10
398	5
956	9
726	12
515	5
775	3
990	6
597	2
201	5
568	16
68	9
650	3
766	16
815	9
88	19
202	8
94	4
643	1
90	1
747	17
19	10
943	11
906	1
41	17
230	11
919	7
378	6
168	9
39	14
115	8
670	1
697	9
784	12
271	10
669	5
177	4
754	12
555	14
949	19
221	17
632	2
992	13
992	8
333	13
241	6
471	5
210	11
488	8
125	16
998	6
499	17
654	19
336	19
30	19
705	5
78	18
690	20
141	10
698	15
329	13
291	8
868	3
800	8
81	7
868	11
352	16
118	5
178	13
549	1
475	20
234	11
302	19
623	7
947	2
672	15
677	2
186	6
52	15
11	6
299	15
620	19
281	19
727	11
217	8
820	14
593	20
514	11
759	19
310	1
248	11
128	3
629	15
413	6
804	2
518	19
33	18
457	15
531	15
786	17
946	18
419	5
182	3
813	10
141	16
201	13
666	15
949	3
628	11
374	4
851	16
222	11
556	5
865	15
262	15
629	12
221	10
232	20
562	20
6	10
81	6
798	3
648	18
224	13
139	5
811	18
875	4
329	17
381	1
312	3
545	2
739	20
438	5
11	20
951	8
895	18
428	19
158	3
865	13
225	14
752	10
177	1
445	6
717	1
683	11
300	13
195	7
922	2
342	14
717	8
958	5
630	17
957	4
111	12
527	18
808	1
70	9
325	13
777	10
769	6
883	9
763	10
5	7
444	12
896	5
935	3
978	13
357	15
467	19
799	18
468	12
143	12
568	17
751	16
667	19
390	17
513	5
861	8
42	8
74	18
343	4
36	2
723	17
688	16
773	11
58	14
73	1
707	2
251	17
909	5
733	12
347	5
105	4
404	8
459	17
696	3
113	10
235	11
303	1
341	11
438	12
373	9
851	16
55	13
94	17
214	10
790	2
663	6
938	16
179	15
491	13
693	15
384	9
91	1
18	19
872	5
291	14
720	4
992	15
382	6
418	13
942	20
380	12
744	3
334	19
39	6
61	16
73	2
607	8
932	14
211	12
522	8
468	2
598	6
132	16
287	19
967	12
536	3
401	17
71	3
119	14
477	12
499	10
640	4
982	9
811	16
975	2
885	12
73	8
864	20
734	18
816	7
699	11
542	3
965	18
958	18
210	3
361	13
677	14
659	10
286	3
748	4
545	10
666	4
276	1
948	6
40	20
130	1
246	18
835	5
226	8
795	5
838	17
472	6
254	5
135	17
37	10
148	2
973	5
450	17
587	8
753	7
821	9
883	6
990	4
728	15
657	2
323	17
774	18
843	15
432	14
500	17
893	2
850	5
892	7
130	13
811	6
175	17
389	18
732	9
57	11
462	1
644	14
339	4
395	16
857	9
989	1
578	15
376	3
779	4
355	3
604	2
418	8
323	15
187	7
879	4
279	8
190	11
954	20
383	15
825	6
572	18
887	9
563	1
464	6
408	8
951	19
265	13
936	6
258	19
217	6
425	7
501	12
382	10
921	9
292	16
113	17
301	10
314	10
700	17
682	1
854	8
645	11
602	1
139	5
89	7
236	13
99	15
575	5
880	6
148	5
274	20
689	12
599	16
205	17
185	18
583	4
574	14
92	14
556	14
789	2
876	11
726	15
105	5
997	13
528	16
154	11
959	14
644	16
940	3
574	7
872	12
904	7
290	2
748	10
496	7
142	15
913	2
983	16
450	19
53	14
411	8
21	3
856	11
949	12
250	16
804	4
10	3
481	10
617	6
678	13
749	5
439	8
762	15
717	19
844	11
94	3
360	3
382	20
757	3
278	3
704	8
853	19
137	14
879	5
594	4
910	17
330	7
578	12
360	16
118	10
238	13
807	19
233	9
757	14
977	7
847	8
358	1
582	4
685	1
910	3
81	17
594	4
973	19
11	12
631	16
731	16
300	2
884	17
680	2
120	6
18	3
778	16
650	15
100	15
307	8
950	9
885	3
673	6
130	13
994	1
799	6
676	14
516	11
694	10
170	8
574	12
546	2
121	9
71	12
654	9
809	13
381	3
289	20
11	7
378	15
485	4
679	19
784	11
657	14
485	13
866	20
847	2
583	17
271	14
114	13
338	7
971	20
561	19
935	14
474	16
260	7
788	19
712	18
814	11
969	9
402	16
904	6
964	7
82	20
320	5
241	14
450	8
370	15
615	8
163	6
791	20
313	1
938	4
994	9
346	12
462	10
673	7
255	19
952	4
335	4
865	7
28	4
710	18
968	14
514	2
874	4
842	6
434	19
685	6
309	9
102	2
545	17
219	19
911	19
362	18
669	13
353	9
483	7
817	12
73	11
854	20
585	7
844	14
508	1
846	8
426	20
949	13
263	4
969	9
724	1
426	5
101	1
579	10
827	15
120	6
479	16
398	6
218	9
851	7
552	5
632	4
746	8
729	12
996	6
775	12
17	4
987	8
850	18
421	2
831	2
725	6
25	20
975	11
122	9
537	3
831	19
54	6
37	15
224	3
848	19
378	18
76	16
448	13
659	8
341	11
313	8
794	20
1	11
653	1
683	16
861	5
923	5
151	6
124	16
567	12
4	4
938	16
44	3
3	16
208	17
848	7
538	5
900	19
582	9
800	2
366	14
950	6
206	3
105	2
881	15
294	18
2	17
109	6
27	15
956	19
886	12
332	18
653	19
55	1
7	10
367	11
863	16
728	18
543	2
849	10
951	4
462	7
985	15
165	20
927	18
227	17
27	8
856	16
292	19
759	11
532	1
556	13
703	2
665	8
561	11
739	10
997	20
709	5
64	8
541	11
859	10
305	19
161	14
484	11
12	9
147	13
991	19
867	18
151	15
373	7
105	8
534	9
336	19
498	3
817	7
665	10
682	15
312	5
80	11
24	5
524	5
763	14
829	9
834	8
712	17
564	7
896	5
658	12
649	6
867	2
857	14
91	1
62	9
117	11
282	19
624	19
933	10
108	3
58	6
760	14
292	19
338	8
297	2
160	16
628	9
994	17
58	18
633	20
39	11
448	18
71	14
453	18
426	1
143	6
738	13
490	12
416	7
66	16
629	1
992	15
516	4
237	18
731	8
134	20
128	15
166	7
497	20
738	16
899	2
183	4
781	12
77	7
36	8
299	14
855	1
924	18
701	10
508	19
506	15
791	3
54	5
506	15
150	20
884	7
851	16
936	1
926	14
719	10
402	20
453	6
947	12
759	5
594	17
53	2
79	11
453	20
285	14
118	18
49	4
397	19
842	17
381	1
326	2
533	17
103	9
725	19
479	10
942	17
737	15
913	17
277	4
728	14
514	16
962	5
515	9
584	2
546	10
588	11
27	8
706	12
328	7
561	19
293	6
707	12
351	13
590	4
869	4
717	5
352	20
442	4
539	10
756	9
44	10
511	10
808	3
478	4
397	12
533	20
676	9
507	16
65	13
656	15
16	14
647	9
630	2
38	19
457	13
969	6
535	12
655	8
746	4
308	5
903	12
218	8
382	19
61	18
562	16
683	15
895	1
761	6
953	11
752	10
337	11
776	15
938	7
624	12
540	4
749	1
866	17
818	10
125	14
148	3
730	20
435	10
479	10
593	14
802	13
429	17
241	11
750	16
164	15
506	2
317	20
293	19
184	19
440	1
212	13
410	12
567	15
81	3
909	19
118	3
288	10
484	1
586	5
301	4
368	9
306	16
26	15
17	17
470	11
245	10
802	20
123	18
958	14
869	4
319	9
847	5
77	11
227	8
274	3
56	18
694	14
516	19
929	11
488	10
19	18
48	1
508	7
160	7
696	7
561	4
388	2
415	16
702	14
199	14
479	2
273	16
671	10
258	11
874	2
957	7
142	7
43	15
428	17
137	4
571	7
759	7
981	2
807	11
199	15
399	15
750	12
423	13
612	20
848	11
10	5
611	9
115	9
395	2
260	10
789	14
571	5
471	15
691	9
670	6
229	17
120	13
706	20
302	15
515	20
487	9
583	11
561	11
381	17
579	13
290	9
143	7
245	6
23	9
893	14
58	8
567	9
180	17
61	6
794	17
411	7
559	19
28	9
166	11
981	1
181	13
651	7
604	4
243	16
799	8
920	16
35	10
88	17
942	9
448	14
703	20
413	20
748	12
406	7
904	7
151	11
970	2
317	2
662	7
206	4
111	4
289	9
432	5
676	19
116	1
923	16
99	11
631	6
819	6
454	9
360	2
805	16
801	2
816	3
372	18
488	13
423	13
773	3
203	12
581	5
879	15
816	1
894	3
513	4
909	18
188	4
960	7
170	9
609	18
370	1
228	10
92	5
338	15
951	8
789	9
355	20
208	16
315	15
882	16
564	4
977	2
526	19
692	14
618	18
417	2
267	20
89	13
816	16
458	11
18	10
133	7
295	17
313	11
143	18
337	3
782	19
894	4
560	5
97	13
642	9
876	13
849	13
3	19
815	11
567	16
138	12
128	2
953	15
23	12
661	11
120	5
788	3
67	20
252	17
837	4
983	2
94	14
993	17
635	8
78	8
107	4
299	15
592	2
45	1
208	12
588	5
442	16
359	19
238	3
241	3
416	19
638	17
440	17
362	17
711	18
147	17
475	9
910	10
557	10
536	11
28	10
697	3
463	14
299	19
461	16
888	10
62	18
101	10
905	17
301	19
561	8
735	19
79	15
632	9
310	6
668	10
537	4
74	8
498	19
49	3
984	16
928	1
38	8
772	11
956	1
269	5
808	14
552	18
821	11
287	1
562	16
296	17
291	5
997	6
383	8
678	12
37	1
367	8
546	10
860	18
15	15
80	15
98	8
150	15
875	7
587	10
418	2
52	12
727	1
433	14
597	6
844	13
392	13
639	1
435	8
129	7
77	16
399	7
291	13
723	8
12	17
430	9
657	2
51	9
778	12
520	1
328	18
974	19
435	3
422	14
400	1
945	2
442	9
520	15
543	6
965	16
53	15
135	8
880	5
320	1
594	3
750	15
886	9
224	11
928	4
490	12
184	12
549	6
177	17
613	2
150	16
532	2
164	3
834	10
203	8
506	16
63	14
131	7
160	19
482	1
1	5
58	4
130	15
698	2
917	2
546	15
778	11
658	9
915	5
871	19
432	13
360	4
19	2
378	13
791	9
950	8
857	14
299	13
629	1
572	14
973	13
859	17
292	12
316	19
820	11
746	3
484	12
768	2
825	12
261	7
629	12
401	16
888	3
84	17
148	14
719	2
763	5
141	17
630	19
425	20
61	16
46	5
315	10
4	6
870	16
936	5
16	8
590	15
361	11
701	5
489	15
504	2
530	17
503	18
209	9
231	7
292	16
2	11
775	3
194	7
957	14
754	16
348	6
203	17
477	7
314	11
326	5
691	17
464	20
103	19
736	20
391	1
706	10
802	14
263	2
493	5
506	2
239	12
435	15
261	16
250	15
534	9
513	9
485	11
208	8
13	13
940	20
510	16
574	20
97	2
326	8
127	14
334	15
677	6
105	9
901	7
12	3
890	19
224	8
10	13
784	4
9	20
347	5
229	19
860	20
728	13
20	13
719	15
19	10
881	11
523	9
257	20
6	15
221	8
684	8
978	12
387	20
817	1
608	19
425	11
330	7
559	15
389	5
963	18
900	4
415	12
331	4
784	10
924	7
834	20
630	13
257	13
775	10
498	7
482	17
550	8
565	17
436	8
408	5
297	7
264	10
797	9
860	19
906	10
335	3
344	14
861	12
886	1
970	13
772	4
60	10
789	4
816	9
690	11
947	2
336	13
387	9
398	15
178	1
400	8
514	12
73	19
292	12
679	5
729	6
300	9
489	8
852	16
707	16
184	16
135	7
552	13
423	1
343	3
602	7
198	5
535	12
285	15
305	1
583	8
213	13
495	8
298	4
310	20
663	14
316	3
985	14
841	19
278	14
97	18
630	6
415	12
547	16
588	6
74	14
442	9
398	16
427	8
477	4
484	3
497	14
435	5
7	16
239	15
464	14
146	10
625	8
806	13
460	15
601	18
957	17
167	5
559	2
554	17
13	11
169	15
823	4
570	20
100	18
332	4
784	12
412	2
913	20
811	11
827	5
450	6
594	11
619	19
465	11
530	5
504	15
990	10
52	18
579	3
356	4
363	13
84	18
116	14
144	2
467	19
973	5
971	14
630	7
762	20
539	4
721	5
808	15
397	1
155	14
286	8
628	13
585	5
637	10
669	3
325	13
791	7
253	12
223	17
943	1
32	8
215	9
553	12
304	2
668	3
694	15
107	16
52	10
883	17
512	1
770	15
506	4
381	18
69	8
536	20
464	20
825	8
774	12
891	3
997	9
437	16
929	16
760	19
989	6
654	18
70	15
31	3
104	16
620	17
748	15
787	10
820	6
678	13
845	15
659	20
444	12
376	3
715	12
303	13
778	6
224	8
686	15
669	12
251	9
278	9
716	16
917	8
2	1
478	2
207	1
225	10
732	10
927	20
361	6
605	10
193	16
29	2
751	12
843	13
955	2
966	20
157	13
655	14
899	4
748	13
983	1
942	15
191	7
308	11
385	5
868	13
535	16
406	20
161	16
167	14
695	19
916	10
651	16
694	15
126	3
524	1
892	4
31	11
798	2
674	6
128	13
500	7
618	20
765	9
231	18
86	13
293	16
51	3
711	7
372	1
962	17
58	6
568	7
729	19
253	2
25	12
552	9
234	14
806	19
571	17
506	6
516	19
649	4
564	20
601	3
376	6
856	11
308	12
413	6
108	11
382	2
713	14
441	17
753	11
457	17
153	18
189	13
458	11
69	12
945	13
413	12
432	9
481	9
407	8
266	16
304	9
823	11
657	16
104	1
952	10
624	13
20	5
263	5
89	4
939	19
332	17
604	11
818	19
615	20
840	2
857	11
643	17
225	9
930	5
695	2
954	4
284	10
611	8
995	9
715	2
554	3
117	15
753	11
688	10
158	9
627	10
652	8
26	10
149	8
37	2
771	12
845	8
618	14
335	8
88	10
327	14
642	3
468	18
973	20
36	4
452	3
48	5
358	20
132	15
68	16
306	17
710	8
71	17
89	19
1	17
231	9
469	17
283	5
799	3
536	10
319	5
276	15
497	14
592	7
238	15
154	20
445	14
914	11
448	8
896	19
896	10
366	7
806	18
323	11
967	19
549	12
386	10
741	13
669	6
346	8
917	3
448	13
825	6
620	8
310	18
676	12
474	8
992	10
58	11
281	1
206	10
735	7
624	18
724	4
541	8
282	13
147	14
926	1
340	16
732	5
638	17
433	14
552	20
981	19
639	14
467	5
882	14
941	1
383	17
851	18
128	17
324	18
503	10
166	10
302	14
578	14
517	13
431	11
873	4
550	17
863	2
714	11
999	11
89	6
26	13
812	1
209	2
694	17
308	4
610	18
434	2
408	2
333	4
628	3
114	20
82	16
792	19
234	5
216	8
901	7
591	8
979	4
248	17
117	6
462	19
535	17
111	18
209	14
370	16
80	16
625	10
239	8
843	8
482	11
397	13
597	8
92	12
899	4
140	14
563	4
387	3
421	6
93	12
201	5
725	14
387	2
864	18
496	20
855	19
768	20
245	11
811	10
890	5
370	6
799	20
204	19
262	14
719	20
568	11
667	17
399	6
684	10
33	3
461	10
587	7
38	1
561	15
944	20
832	20
146	1
388	3
888	13
149	10
290	17
512	8
151	7
288	4
636	10
263	1
53	1
79	17
188	5
799	10
442	1
21	4
494	7
82	20
100	20
403	10
978	5
860	2
186	13
699	9
267	4
565	2
255	2
185	5
997	4
469	5
359	3
678	8
622	6
619	5
224	14
546	9
201	5
914	19
234	9
457	8
451	18
370	16
32	17
275	12
18	1
646	14
630	6
450	6
253	16
105	5
189	6
187	19
349	20
441	8
911	5
930	1
318	17
767	13
132	15
457	6
354	13
511	9
272	11
941	13
875	9
712	17
263	19
747	17
542	19
576	14
13	5
483	12
396	6
19	17
669	9
457	20
372	8
340	3
844	6
52	13
146	7
764	18
428	13
36	1
645	13
950	19
542	3
128	8
582	17
969	12
367	20
448	11
593	2
657	20
346	2
749	16
715	19
445	13
886	10
349	15
890	4
92	20
852	4
746	12
251	14
640	15
849	18
35	18
299	11
620	6
320	7
595	20
272	12
264	13
956	9
323	5
544	2
246	20
38	17
779	8
366	11
91	19
66	3
284	19
22	3
253	20
175	7
785	18
275	7
780	9
262	14
994	2
888	3
796	1
492	12
230	5
915	17
410	20
715	15
538	20
803	15
495	13
257	8
629	14
732	3
808	15
839	2
440	19
132	1
878	6
38	6
185	18
684	4
41	16
175	15
174	7
812	19
792	13
700	17
974	17
905	20
816	5
489	15
321	13
398	4
442	14
185	20
643	20
32	7
811	18
902	15
14	8
607	10
492	4
877	12
929	11
982	20
587	1
169	16
296	2
774	13
934	17
195	6
994	1
739	19
757	3
490	8
757	20
25	14
45	12
25	15
808	17
786	13
93	10
109	16
466	15
434	15
418	13
467	17
939	6
263	14
508	3
382	1
791	17
868	19
740	20
845	6
234	11
920	14
380	15
434	1
395	7
520	17
954	7
430	1
986	5
971	3
17	5
532	15
767	10
234	9
385	11
809	10
336	1
258	17
871	13
984	15
161	15
373	16
890	16
783	17
858	9
320	13
383	18
902	2
615	6
56	18
787	2
235	10
16	16
189	9
269	6
241	15
419	18
210	2
195	4
767	6
175	4
988	4
384	4
554	11
399	1
992	18
632	10
498	14
700	11
81	3
291	11
788	6
325	9
849	9
994	16
659	16
377	4
494	9
554	1
492	7
19	16
685	2
632	12
79	15
63	13
332	14
576	4
554	15
672	15
489	14
204	10
17	8
400	20
156	19
787	3
243	12
194	14
771	11
933	14
868	20
945	13
18	15
228	16
386	2
463	18
439	18
141	1
440	13
991	3
96	20
176	11
990	3
901	19
712	16
901	1
779	20
445	4
758	3
242	3
116	19
446	15
794	17
501	15
166	11
792	2
741	7
7	11
543	3
609	10
946	1
7	12
389	15
960	6
205	18
397	18
973	20
550	16
513	15
336	5
475	2
850	17
867	5
832	14
68	10
310	11
27	15
46	10
724	2
998	13
848	18
850	4
938	1
658	8
970	11
755	8
51	12
178	20
677	3
626	13
341	2
289	16
297	3
166	13
140	9
782	13
491	1
491	18
636	16
948	1
666	6
690	16
482	17
786	16
116	17
550	14
516	13
984	12
103	19
953	19
110	9
921	9
709	18
735	5
826	7
674	12
540	18
691	19
610	10
393	18
242	16
507	19
425	5
965	16
597	14
192	9
237	7
391	2
901	18
887	17
941	7
166	17
684	8
410	9
853	19
656	11
509	4
414	1
321	18
329	6
701	20
843	3
937	17
223	17
119	8
967	4
821	15
112	12
441	16
165	19
504	9
398	19
809	8
731	4
472	8
67	19
631	14
637	4
927	3
30	13
935	20
317	16
613	14
103	7
247	11
984	13
917	10
999	12
30	9
906	14
17	19
884	9
951	5
881	11
657	4
65	16
698	15
86	3
338	8
835	17
382	19
228	18
613	7
418	5
778	19
671	7
781	10
780	5
431	20
823	6
947	14
48	12
355	1
293	7
609	4
609	2
106	1
219	6
5	20
35	10
223	18
231	19
167	7
984	20
346	1
938	17
784	14
793	14
549	11
121	10
585	20
40	12
904	11
722	5
743	17
14	7
735	7
909	2
764	10
713	20
681	17
912	16
922	3
633	20
769	15
29	12
590	12
680	2
65	9
700	2
332	1
904	15
778	2
821	6
656	12
744	8
486	14
992	9
769	10
155	15
491	13
928	1
916	12
748	1
873	10
407	1
961	13
973	17
412	6
577	11
702	17
188	20
76	15
376	3
384	7
34	9
271	16
106	15
721	20
530	4
30	17
41	4
718	7
262	7
501	16
158	1
620	18
311	6
235	1
492	20
299	17
458	8
722	3
694	16
244	5
941	17
257	5
667	19
876	14
904	8
389	10
945	3
577	12
918	19
491	4
81	9
34	13
463	9
280	15
75	5
433	2
716	2
276	11
969	4
469	7
696	9
356	13
95	18
60	13
66	7
56	7
755	20
247	3
134	2
894	4
196	16
179	20
442	9
825	5
346	12
886	3
196	8
444	7
625	12
542	16
630	11
266	12
758	19
660	19
752	8
491	19
384	10
380	11
529	18
300	8
772	5
387	12
10	6
716	8
114	4
450	14
299	8
733	1
842	3
901	12
588	7
119	15
437	5
970	9
416	16
436	13
298	18
938	16
637	15
133	14
301	6
361	12
299	11
102	3
366	18
255	17
354	20
319	2
679	15
943	15
370	4
602	7
414	4
360	15
942	11
131	10
484	12
577	11
912	6
702	15
859	17
800	12
778	1
705	18
350	19
897	13
208	11
302	9
487	10
980	15
211	8
682	16
90	19
718	5
339	8
29	10
443	12
628	19
79	11
424	16
677	12
956	19
980	20
832	17
676	4
332	3
375	16
977	14
398	9
479	12
453	9
15	11
575	7
264	2
198	2
409	2
991	3
900	19
348	8
470	12
373	15
253	1
532	18
818	14
687	2
791	20
910	16
738	12
145	2
803	17
488	15
293	19
287	6
810	15
271	16
108	6
610	14
872	11
28	13
962	6
485	17
628	17
620	14
537	18
294	3
4	2
786	4
169	8
857	19
446	19
343	3
162	5
70	20
73	11
911	12
493	13
475	4
711	3
812	1
634	9
663	18
583	20
136	2
230	8
789	4
681	8
888	13
503	4
525	3
206	6
117	1
889	3
737	7
248	10
281	20
866	20
799	12
424	19
87	4
816	4
233	4
590	17
20	10
534	18
160	6
812	10
888	19
65	2
340	5
385	7
710	19
770	12
821	11
263	17
557	15
755	16
801	14
488	6
113	3
712	15
195	2
259	18
951	8
173	5
433	7
248	13
363	7
335	8
208	10
200	17
404	1
804	15
151	11
487	8
934	9
251	3
98	1
920	20
580	20
680	8
318	6
105	2
431	10
37	14
494	9
263	6
80	10
637	10
366	15
364	11
40	11
490	3
113	3
305	10
572	17
7	16
310	2
330	13
284	3
810	11
929	4
220	9
901	6
979	6
728	5
37	15
950	18
24	3
531	10
54	5
943	11
515	12
955	5
768	11
743	19
31	6
407	3
409	14
996	7
77	2
272	11
229	15
788	19
256	6
666	13
557	20
181	4
94	10
788	8
361	6
302	19
183	13
513	14
574	5
960	19
94	6
507	3
385	13
317	3
536	1
39	8
157	2
395	17
233	19
724	10
498	3
562	10
805	8
919	14
722	20
956	1
434	4
15	11
654	3
166	16
809	14
550	6
728	14
837	7
114	18
971	4
464	7
759	14
85	1
725	2
804	20
734	15
827	5
301	20
722	17
707	20
692	11
772	11
926	15
406	11
388	13
610	10
605	14
976	11
330	17
560	10
812	13
665	15
589	9
186	15
831	19
343	16
563	9
495	16
685	1
318	15
680	14
797	3
362	2
731	4
374	9
352	6
275	12
826	3
821	9
211	17
895	4
801	3
85	13
969	1
208	8
436	8
641	10
931	1
291	17
296	13
938	14
951	6
703	9
837	16
973	17
666	16
971	5
786	17
267	4
538	4
940	9
951	4
818	15
686	3
428	8
433	7
845	16
398	16
400	3
679	13
904	16
30	14
695	2
561	1
85	14
555	13
459	18
425	20
87	7
37	20
512	14
276	7
160	11
454	9
120	11
411	17
213	10
167	4
418	9
378	5
566	6
431	9
109	20
149	12
913	16
369	19
363	6
548	2
496	19
638	5
190	5
78	13
184	8
763	5
592	18
815	11
82	16
274	20
682	1
146	4
53	3
23	11
952	6
198	13
654	18
867	6
318	17
853	1
201	19
568	1
653	16
780	12
471	8
960	3
111	2
632	19
343	9
245	20
47	3
414	10
508	6
505	12
259	3
135	20
336	9
52	15
8	13
80	16
621	2
443	9
346	6
187	2
645	19
141	18
517	4
719	13
880	16
568	19
41	18
257	17
185	19
866	14
444	9
619	2
519	11
55	5
334	16
272	15
207	12
596	4
123	17
969	8
31	9
316	10
90	1
158	7
361	7
639	13
879	15
804	11
260	15
685	6
539	7
227	7
605	2
535	20
989	11
314	5
274	8
551	7
926	11
642	1
467	3
836	12
28	8
197	18
457	4
962	3
284	2
862	20
696	2
113	6
617	7
548	9
851	4
760	2
945	13
822	1
430	14
873	14
381	9
172	5
514	9
489	6
716	17
64	16
867	7
596	12
630	15
449	17
956	14
968	12
684	5
404	5
369	6
671	11
466	2
301	14
658	2
626	3
352	19
241	14
235	1
492	12
997	5
920	10
388	7
312	4
465	4
683	5
116	3
548	1
822	5
801	2
252	11
577	11
980	16
764	3
498	6
798	5
842	7
709	9
651	17
640	15
226	3
642	1
408	2
954	6
806	6
371	18
611	17
928	15
10	6
36	2
937	11
963	6
365	10
975	20
513	2
244	4
425	19
106	14
458	6
763	19
270	20
917	20
965	17
474	8
627	14
126	15
384	13
493	2
734	2
513	10
339	3
229	7
451	13
471	6
152	14
556	3
128	18
304	5
494	15
620	18
81	3
27	16
393	14
76	4
522	18
216	16
781	12
17	5
209	5
668	20
286	8
456	16
252	10
604	5
170	11
441	14
497	15
861	7
677	19
769	6
708	19
779	9
340	16
995	20
624	6
576	6
684	15
431	16
333	19
830	19
589	3
515	2
222	12
40	8
369	6
968	6
887	17
833	10
167	2
172	3
375	19
212	5
118	10
977	20
270	1
259	17
752	8
770	3
892	18
122	12
688	15
867	3
133	20
724	6
775	2
531	19
696	20
546	10
610	12
666	2
979	19
867	13
754	15
497	9
879	2
385	11
404	5
37	12
214	11
823	10
507	7
582	6
187	18
898	16
115	2
226	7
279	8
966	11
761	16
744	12
383	3
984	19
299	19
661	6
862	12
969	19
350	20
926	7
152	4
891	18
103	10
172	18
551	18
182	9
132	19
586	13
333	5
394	16
23	13
869	6
532	20
78	4
431	20
429	17
429	20
185	11
58	5
611	4
12	13
664	11
18	17
390	14
735	3
491	1
661	9
580	15
503	19
224	2
800	18
593	16
478	17
530	18
527	2
607	12
211	5
38	6
29	17
710	2
891	17
638	4
545	16
226	11
281	1
563	5
821	2
573	3
484	1
76	20
505	19
365	18
185	8
159	19
459	18
558	13
360	18
652	3
386	8
89	4
609	9
326	1
16	10
323	4
830	11
601	6
326	2
391	5
964	8
788	4
323	2
744	1
311	5
798	11
676	11
126	9
410	18
13	1
738	7
805	8
17	7
302	15
879	5
453	15
831	11
729	6
172	13
327	12
76	6
593	18
351	19
686	9
777	3
327	19
429	19
578	5
715	11
316	17
642	14
131	14
197	2
210	12
666	1
882	1
689	16
840	17
971	10
172	20
701	8
538	17
764	13
790	17
435	8
363	6
614	7
153	14
559	16
605	9
469	3
74	5
521	4
818	5
154	10
742	11
211	19
828	3
919	9
334	7
618	2
329	4
700	6
337	14
561	17
579	9
157	5
215	4
299	11
151	12
959	5
972	4
579	17
280	16
489	2
775	1
478	20
35	15
420	7
742	12
210	15
841	20
712	10
925	13
455	5
815	1
7	20
385	18
332	20
241	15
682	5
712	15
971	10
592	14
590	8
55	7
313	6
99	16
88	5
842	9
139	8
266	14
541	11
465	11
78	7
857	16
159	9
4	9
245	9
100	1
421	18
724	8
770	1
897	11
593	5
271	6
933	12
701	1
827	9
177	19
609	5
322	6
159	18
673	19
651	1
893	1
230	14
445	19
990	7
940	3
372	15
615	19
535	14
261	14
960	12
105	19
127	4
813	17
812	7
594	7
3	20
201	5
381	7
702	13
657	19
230	14
960	5
346	18
32	3
24	19
598	2
401	4
293	9
238	11
327	17
721	11
338	7
994	9
311	17
903	1
566	14
44	20
961	3
194	4
500	16
510	13
758	1
537	11
370	7
744	12
348	20
32	3
540	17
783	2
500	20
899	1
836	20
638	12
645	17
881	8
124	1
662	16
654	18
727	1
391	17
764	18
875	17
157	7
263	2
479	6
485	8
163	16
263	8
94	15
418	6
739	16
630	14
476	16
472	14
349	10
995	5
581	2
920	17
172	1
194	3
563	15
247	16
372	18
883	14
50	12
980	8
664	10
124	1
259	18
573	18
711	17
727	5
56	20
172	3
639	20
326	17
36	3
346	4
910	11
600	6
506	10
407	9
728	3
375	19
38	7
292	20
22	19
435	6
945	8
360	4
357	3
981	6
235	10
159	9
663	3
334	20
299	12
29	15
342	11
743	4
667	15
312	2
233	8
734	11
635	9
888	8
665	20
516	1
828	2
373	15
197	16
394	17
692	8
338	8
869	13
205	11
199	15
607	10
428	2
587	14
780	18
375	19
584	15
643	10
174	15
297	9
589	6
935	19
59	10
793	8
803	1
121	19
651	4
466	17
47	13
149	18
156	17
159	14
800	4
487	15
615	11
688	6
500	4
497	10
293	16
953	16
439	9
191	9
168	8
395	14
758	16
281	6
546	7
324	12
841	5
950	18
761	18
225	18
983	16
294	1
457	2
657	2
884	20
492	20
895	18
172	11
762	15
687	10
47	14
201	19
48	19
460	17
685	18
538	20
88	17
436	19
809	11
611	20
500	11
868	4
416	15
743	1
742	9
581	16
27	7
898	2
350	17
682	11
570	4
358	11
130	10
239	6
368	3
316	14
380	6
643	2
952	13
393	15
550	6
372	7
201	18
228	10
537	15
278	13
266	18
30	3
186	5
927	7
56	5
553	3
585	10
666	10
250	20
801	19
560	8
158	1
461	8
200	10
859	13
975	7
240	1
359	17
208	17
398	8
155	12
891	5
164	5
944	4
253	15
354	18
296	4
46	7
260	7
487	1
18	17
164	10
680	3
559	5
450	2
300	12
274	11
597	2
682	8
47	6
282	9
851	4
593	20
508	1
442	15
356	10
162	13
417	11
631	19
400	6
420	3
209	6
257	6
190	14
805	17
612	5
161	20
666	13
533	20
325	19
871	17
297	17
124	20
425	6
199	18
880	16
557	12
427	8
646	14
263	13
975	2
335	8
22	19
80	14
333	2
154	11
103	16
434	6
611	14
949	18
383	18
744	12
837	17
13	5
60	3
996	12
760	8
556	10
822	14
899	5
623	7
131	14
921	12
149	17
807	17
292	10
441	7
663	20
169	11
580	15
456	6
292	3
667	18
441	10
808	6
39	13
820	16
139	13
802	15
788	8
112	19
944	9
318	3
601	8
393	16
409	2
999	19
750	3
336	10
901	11
645	3
34	18
247	5
906	16
156	5
323	19
835	10
373	18
733	20
877	9
241	20
209	9
353	13
888	1
210	2
675	8
923	19
609	17
809	5
331	18
266	16
981	12
928	19
298	15
51	15
131	19
29	19
453	17
183	16
898	17
793	11
355	16
239	11
368	8
643	14
260	18
73	9
823	11
723	9
913	18
445	2
176	10
190	17
919	4
453	8
900	11
725	18
781	10
150	9
443	11
685	1
579	3
301	2
462	4
400	9
938	14
69	6
452	15
37	18
874	4
40	16
787	8
653	1
36	11
480	2
203	17
668	2
813	20
342	7
153	16
611	13
394	2
904	4
289	8
257	15
108	9
458	9
180	9
535	11
592	6
131	17
585	16
923	16
962	2
640	12
397	2
141	6
873	6
706	9
129	5
38	18
536	15
734	15
877	12
138	20
73	20
521	4
734	11
460	13
452	13
389	6
723	10
321	11
689	8
902	3
833	13
79	20
740	13
362	20
580	14
780	8
455	10
126	6
838	18
928	15
221	16
89	6
904	1
252	7
131	14
126	13
720	11
772	18
454	8
476	18
364	16
823	10
387	10
972	3
627	19
413	14
534	7
171	14
688	2
687	6
788	10
170	19
469	7
321	19
570	12
520	1
686	17
687	9
308	12
678	10
485	17
732	4
928	9
22	8
115	5
604	1
824	20
155	20
395	17
971	13
224	17
625	2
178	12
632	7
458	12
130	7
489	13
115	14
310	14
253	12
718	18
563	10
320	14
611	6
614	9
9	11
172	5
71	5
93	5
960	6
121	6
580	5
225	20
878	8
265	16
264	5
286	3
967	17
139	12
716	18
928	20
117	16
318	15
320	3
792	16
928	17
577	8
420	11
690	6
411	2
62	15
689	19
928	11
602	6
761	1
859	1
629	8
877	7
741	9
823	12
792	20
296	17
290	4
370	3
89	1
900	7
202	17
578	15
336	2
762	4
657	6
823	17
485	3
350	11
169	17
908	5
363	9
342	16
209	13
579	15
747	20
496	20
541	6
475	5
608	11
655	6
157	1
477	18
379	8
895	12
495	11
76	1
127	20
121	5
105	16
65	4
166	5
855	5
740	10
736	18
196	16
755	10
865	8
260	9
138	17
286	13
995	4
225	18
671	12
198	12
474	13
646	16
969	13
135	1
372	9
653	16
150	15
415	14
954	15
600	12
417	14
395	5
189	19
484	18
893	16
694	9
918	13
559	18
363	5
277	19
931	8
255	19
550	4
254	8
603	7
243	13
334	14
301	10
381	3
25	15
228	12
916	9
800	19
972	15
775	7
497	4
897	18
545	7
360	3
700	14
623	15
587	9
669	4
737	6
31	14
490	18
766	14
508	16
796	8
880	13
24	7
300	20
889	2
592	14
550	8
500	3
874	8
234	19
709	5
603	15
423	20
275	12
334	13
632	12
439	1
234	7
186	1
249	13
280	12
711	8
225	20
68	14
823	6
622	17
470	8
120	1
290	17
98	8
26	4
257	9
144	20
602	18
875	14
390	12
680	8
693	8
940	11
782	14
502	1
76	18
826	2
207	3
352	19
476	4
930	8
562	11
394	2
722	14
99	18
673	3
190	19
434	16
963	17
444	10
724	2
16	10
829	17
942	4
910	9
148	8
790	14
868	16
218	4
273	8
109	17
819	15
217	1
84	5
806	16
382	15
849	14
231	14
524	18
623	19
92	11
809	19
958	17
957	8
947	1
798	11
528	5
710	15
920	14
584	19
901	10
729	19
579	18
694	15
958	1
351	10
832	12
400	7
487	3
54	18
942	1
532	6
813	19
211	15
198	15
245	8
345	2
685	15
473	12
540	16
190	19
271	12
319	10
88	16
946	10
597	14
826	14
188	3
558	13
403	10
259	1
697	18
980	13
268	8
451	10
79	13
855	6
890	7
586	14
711	11
525	7
460	14
295	13
718	19
418	8
58	9
836	15
964	20
116	3
512	5
70	20
357	2
755	10
724	7
105	1
648	10
349	7
867	4
502	4
116	7
590	14
971	2
366	14
585	12
135	8
349	14
271	8
707	4
592	1
430	12
736	6
197	8
749	5
136	13
409	3
902	6
590	1
360	8
877	2
185	18
814	3
645	19
685	20
871	16
869	3
697	4
342	8
134	18
414	18
866	14
727	12
575	13
668	5
519	10
774	11
27	19
175	12
353	13
343	16
103	2
53	5
792	14
912	8
284	13
744	13
790	8
509	10
695	7
474	3
629	4
274	15
409	15
353	1
450	11
147	15
999	4
421	10
774	6
235	16
658	10
720	18
945	10
990	19
552	10
343	15
983	8
800	14
3	1
124	17
584	3
756	7
244	14
897	5
517	11
784	13
542	6
614	13
644	12
609	13
792	7
935	5
902	3
511	17
629	6
873	9
41	2
659	9
100	19
287	5
214	12
988	10
375	14
799	2
328	12
842	1
34	6
372	15
83	14
28	4
491	18
936	7
697	19
762	5
893	7
940	13
731	15
469	15
178	8
450	13
321	18
967	15
994	6
456	8
723	8
946	4
581	5
936	7
426	17
730	6
631	7
364	8
487	16
993	7
798	19
100	2
47	3
160	17
850	1
776	19
941	9
222	19
544	4
584	2
652	17
58	17
13	17
735	8
283	10
434	2
570	13
748	10
274	13
88	4
485	17
660	13
556	8
570	10
157	12
554	3
198	4
809	8
201	10
999	12
664	8
787	14
131	14
871	4
876	1
716	15
287	14
632	18
375	17
315	11
934	20
498	6
77	13
87	20
559	1
265	2
393	2
158	10
563	6
736	3
597	19
546	8
358	20
163	4
644	12
521	20
133	14
778	11
486	12
875	17
985	17
364	10
560	9
825	16
381	18
627	15
307	15
393	6
181	2
699	15
355	2
733	1
599	1
858	3
34	15
911	12
875	8
520	7
403	14
816	20
972	19
913	19
941	13
107	12
103	5
127	2
630	16
160	5
565	1
968	20
690	6
586	2
898	1
609	8
344	1
576	10
429	17
185	9
742	4
706	2
309	11
312	12
611	8
546	8
528	6
576	2
117	9
80	17
662	18
826	3
847	12
83	15
562	18
878	10
283	9
78	10
190	20
566	19
233	10
716	11
327	8
401	15
204	4
536	14
394	18
262	20
480	11
994	4
684	4
157	6
976	11
581	13
854	17
205	6
801	17
35	11
589	6
711	15
993	13
243	3
306	11
940	6
438	2
370	8
789	9
330	7
611	10
427	14
48	5
165	12
934	13
213	9
212	14
295	4
311	18
393	10
829	18
772	12
193	20
202	2
678	8
761	2
60	8
820	3
565	2
912	5
716	3
989	9
995	18
783	9
623	17
621	18
986	16
70	4
799	3
841	9
987	20
895	14
612	12
614	19
133	12
932	14
222	4
285	6
735	3
712	2
707	13
242	15
473	3
491	5
244	10
904	19
613	8
367	15
731	15
774	20
562	9
509	6
335	18
491	8
103	8
133	8
789	8
239	5
218	3
324	16
693	18
3	18
981	17
648	13
485	4
795	18
292	9
420	16
238	15
138	7
373	3
893	1
436	19
81	14
371	2
66	7
297	17
299	8
705	16
547	7
864	8
276	10
371	10
268	5
138	6
625	9
538	9
510	18
797	8
300	18
640	4
854	9
165	16
350	16
807	9
204	12
540	17
150	13
35	2
802	2
412	12
457	1
335	8
544	12
328	14
51	2
364	14
797	12
343	6
243	6
241	8
227	5
455	4
160	5
821	16
871	20
212	7
322	17
873	1
36	12
692	20
557	13
741	16
809	11
123	3
131	14
519	11
906	3
904	9
664	6
419	1
103	17
168	17
256	20
970	18
817	8
582	10
961	1
101	17
484	4
400	14
393	12
21	16
882	5
483	6
896	20
834	11
878	14
158	12
617	3
443	1
261	14
844	4
86	18
393	3
96	13
801	14
565	20
226	19
502	3
849	20
72	13
267	10
306	1
911	7
939	6
572	1
508	4
263	19
778	6
277	5
568	8
349	17
554	11
715	19
578	9
78	15
434	10
211	3
426	7
648	16
898	12
190	10
594	18
534	12
327	15
750	15
394	2
678	3
224	17
991	13
941	2
200	14
62	9
7	7
552	6
207	5
397	1
161	15
894	2
693	20
923	9
408	19
211	13
521	18
464	10
945	11
136	15
639	2
674	12
569	17
453	2
416	17
322	13
256	3
265	1
594	2
563	6
782	19
742	15
606	9
556	9
694	1
436	1
662	10
479	18
422	2
745	17
152	5
259	6
569	4
351	11
438	12
792	7
610	1
822	17
479	5
759	20
93	12
719	16
471	8
591	14
993	8
937	5
15	7
805	6
176	19
657	16
554	10
850	4
348	1
741	15
2	18
897	16
745	3
686	1
782	7
968	9
174	13
687	14
793	1
406	4
381	10
499	10
425	7
884	11
245	5
611	13
833	14
846	3
642	15
783	5
206	15
811	10
504	17
459	11
88	10
758	16
759	3
761	18
